0.0046634 0 0.00239173 0.00182061 0.00254382 0.00386496 0.00224485 0.00208388 0.00130953 0.00118282 0.0029831 0.00104194 0.00162011 0.00177591 0.00110902 0.00267825 0.00146263 0.00224485 0.00177591 0 0 0.00224485 0 0 0 0 0 0 0 0 0.00162011 0 0 0 0 0 0 0 0 0 0 0 0 0 0 0 0 0 0 0 0 0 
0 0 0 0 0 0 0.00197052 0 0 0 0 0.00274383 0.00284424 0 0 0 0 0 0 0.0014869 0.00669885 0 0 0.00159812 0.00499077 0.0014869 0.00213318 0.00470191 0.00155889 0.00235096 0.00284424 0.0014869 0.00249538 0.00249538 0.00190233 0 0 0 0 0 0 0.00168455 0 0 0 0 0 0 0 0 0 0 
0 0 0.00208886 0 0 0 0 0.000728 0 0 0 0.002184 0.00226392 0 0.000774867 0 0 0 0 0.00118352 0.00533207 0 0 0 0.00198624 0 0 0 0 0.00187128 0.00226392 0.00118352 0 0 0 0.000685044 0 0 0.00121138 0 0 0.00268169 0 0 0 0 0 0 0 0 0 0 
0 0 0.000345616 0 0 0 0 0 0 0 0 0.00240904 0.00093645 0 0 0 0 0 0 0.000979105 0.00147037 0 0 0.00105235 0.00164318 0.00293732 0 0 0 0 0.00093645 0 0 0.00164318 0.00125266 0 0 0 0.0020043 0.00121204 0.00121204 0.00221852 0.00431941 0 0.00154808 0.00223402 0.00125266 0.00154808 0 0 0 0 
0.0023557 0 0.00181226 0 0 0 0 0 0 0.00119499 0 0.00105267 0.00163678 0 0 0 0 0 0 0.00171133 0 0 0 0 0 0 0 0 0 0.00270582 0.00163678 0 0 0 0 0 0 0 0 0 0.00211847 0 0 0 0 0 0 0 0 0.00218947 0.00188743 0 
0 0 0.000514135 0 0 0 0 0 0 0.00101705 0 0 0 0 0 0.00230291 0 0 0 0 0 0 0 0 0 0 0 0 0 0.00230291 0 0 0 0 0 0 0 0 0 0 0 0 0 0 0 0 0 0 0 0 0 0 
0 0 0.000870661 0 0 0 0.00163439 0 0 0 0 0.00151719 0 0 0 0 0 0 0 0 0 0 0 0.00132552 0 0.00123326 0 0 0 0 0 0 0 0 0 0 0 0 0 0 0 0 0.00408048 0 0 0 0 0 0 0 0 0 
0 0 0.00021051 0 0 0 0 0 0.000461035 0 0.000525118 0.00183414 0 0.000625232 0.000390444 0 0 0 0 0 0 0 0 0 0 0 0 0 0 0 0 0 0 0 0 0 0 0 0.00122079 0 0 0 0.00131545 0.000738236 0 0 0 0.000942912 0 0 0 0.000715649 
0 0 0.000297451 0 0 0 0 0.000518331 0 0 0 0.000518331 0.000805948 0.000883457 0 0 0 0 0 0 0 0 0 0 0 0 0 0 0 0 0.000805948 0.000842659 0 0.00141419 0.00215619 0 0 0 0.00172498 0 0 0 0.000929367 0 0.00133234 0 0 0 0 0 0 0 
0 0 0.000747734 0.00227673 0 0 0 0 0 0 0 0.00065149 0 0.00444167 0 0 0 0 0 0 0 0 0 0 0 0 0 0 0 0 0 0 0 0 0 0 0 0 0 0 0 0 0 0 0 0 0 0 0 0.00135505 0 0 
0 0 0.000329143 0 0 0 0 0 0 0 0 0 0 0.000977582 0.00122096 0 0 0 0 0 0 0 0 0 0 0 0 0 0 0 0 0 0 0 0.00596477 0 0 0 0 0 0 0 0 0.00115427 0 0 0 0 0 0 0 0 
0 0 0.00118381 0 0 0 0 0 0.00129632 0.00117089 0 0.00103144 0 0.001758 0.00109784 0 0 0 0 0 0 0 0 0 0 0 0 0 0 0 0 0 0 0 0 0 0 0 0 0 0 0 0 0 0 0 0 0 0 0 0.00184936 0 
0.00164476 0 0 0 0 0 0 0 0 0 0 0 0 0 0.00078229 0 0 0 0 0 0 0 0 0 0 0 0 0 0 0 0 0 0 0 0.0015287 0 0 0 0.00122298 0 0 0.00135369 0.00263562 0.00443737 0 0 0 0 0 0 0 0 
0 0 0.000905354 0 0 0 0 0 0.000991403 0.000895473 0 0 0 0.00134449 0.000839605 0 0 0 0 0 0 0 0 0 0 0 0 0 0 0 0 0 0 0 0.0016407 0.000742277 0 0 0.00131258 0 0 0 0 0.00158749 0 0 0 0 0 0 0.00141436 0 
0 0 0.000402955 0 0 0 0 0 0 0 0 0 0 0 0.000747383 0 0 0 0.00119681 0 0 0 0 0 0 0 0 0 0 0 0 0 0 0 0.00146048 0 0 0 0.00116841 0 0 0 0 0.00282625 0 0 0 0 0 0 0 0 
0 0 0.000313051 0 0 0 0 0 0.000685611 0 0 0.000545515 0 0.00185958 0 0 0 0 0 0 0 0 0 0 0 0 0 0 0 0 0 0 0 0 0 0 0 0 0 0 0 0 0 0.00329352 0 0 0 0 0 0 0.000978107 0 
0 0 0 0 0 0 0 0 0.00118481 0 0.0013495 0.00282813 0 0 0.0010034 0 0 0 0 0 0 0 0 0 0 0.00153258 0 0 0 0 0 0 0 0 0 0 0 0 0 0 0 0 0 0 0 0 0 0 0 0 0 0 
0 0 0.000521752 0 0 0 0 0.000909191 0 0 0 0 0 0 0.00193544 0 0 0 0 0 0 0 0 0.00158865 0 0 0 0 0 0 0 0 0 0 0 0 0 0 0 0 0.00182973 0 0 0 0 0 0 0 0 0.00189105 0 0 
0 0 0 0 0 0 0 0.00503036 0 0 0 0 0 0 0 0 0.00706138 0 0 0 0 0 0 0 0 0 0 0 0 0 0 0 0 0 0 0 0 0 0 0 0 0 0 0 0 0 0 0 0 0 0 0 
0 0 0 0 0 0 0 0.00287674 0 0 0.00137269 0 0 0.0016344 0.00102064 0 0 0 0 0 0 0 0 0 0 0 0 0 0 0 0 0 0 0 0 0.000902331 0 0 0.00159561 0 0 0 0 0 0 0 0 0 0 0 0 0 
0 0 0.00060826 0 0 0 0 0.00105994 0 0.00120324 0 0 0 0 0 0 0 0 0 0 0 0 0 0.00185206 0 0 0 0 0 0 0 0 0 0 0 0 0 0 0 0 0.00213311 0 0 0 0 0 0 0 0 0 0 0.00206784 
0 0 0 0 0 0 0 0 0.00207901 0 0 0 0 0 0 0 0 0 0 0 0 0 0 0 0 0 0 0 0 0 0 0 0 0 0 0 0 0 0 0 0.00332903 0 0 0.00332903 0 0 0 0 0 0 0 0.00322717 
0 0 0 0 0 0 0 0 0 0 0 0 0 0 0 0 0 0 0 0 0.00189181 0 0 0 0 0 0 0 0 0 0 0 0 0.00211414 0 0 0 0 0 0 0 0 0 0 0.00199178 0 0 0 0 0 0 0 
0 0 0 0 0 0 0 0 0 0 0 0 0 0.000974849 0.000608772 0 0 0 0 0 0 0 0 0 0 0 0 0 0 0 0 0 0 0 0 0 0 0 0 0 0 0 0 0 0 0 0 0 0 0 0 0 
0 0 0.000326095 0 0 0 0 0 0 0 0 0 0 0 0.000604826 0 0 0 0 0 0 0 0 0 0 0.000923804 0.00132534 0 0 0 0 0 0 0 0 0 0 0 0 0 0 0 0 0 0 0 0 0 0 0 0 0 
0 0 0 0 0.00147617 0 0 0 0.000759913 0 0 0 0 0 0 0 0 0 0 0 0 0 0 0 0 0 0 0 0 0 0 0 0 0 0 0 0 0 0.0010061 0 0 0 0 0.00121682 0 0 0.0012576 0 0 0 0 0.00117959 
0 0 0 0 0 0 0 0 0.00110345 0 0 0.00175595 0 0 0 0 0 0 0.00149644 0 0 0 0 0 0 0.00142734 0 0 0 0 0 0 0 0 0 0 0 0 0 0 0 0 0 0.00353382 0 0 0 0 0 0 0 0 
0 0 0 0 0 0 0 0 0 0 0 0.00211622 0 0 0 0 0 0 0.00120231 0 0 0 0 0 0 0 0 0 0 0 0 0 0 0 0 0 0 0 0 0 0 0 0 0.00141962 0 0 0 0 0 0 0 0 
0 0 0 0 0 0 0 0 0 0 0 0 0 0 0 0 0 0 0 0 0 0 0 0.00876574 0 0 0 0 0 0 0 0 0 0 0 0 0 0 0.00278253 0 0 0 0 0 0 0 0.0034781 0 0 0 0 0 
0 0 0 0 0 0 0 0 0 0 0 0 0 0 0 0 0 0 0 0 0 0 0 0 0 0.00278689 0 0 0 0 0 0 0 0 0 0 0 0 0 0 0 0 0 0 0 0 0 0 0 0 0 0.00167218 
0 0 0 0 0 0 0 0.00236495 0.00148615 0 0 0 0 0 0 0 0 0 0 0 0 0 0 0 0 0 0 0 0 0 0 0 0 0 0 0 0 0 0 0 0 0 0 0 0 0 0 0 0 0 0 0 
0 0 0 0 0 0 0 0 0 0 0 0 0 0.00134449 0 0 0 0 0 0 0 0 0 0 0 0 0 0 0 0 0 0 0 0 0 0 0 0 0.00393775 0 0 0 0 0 0 0 0 0 0 0 0 0.00307784 
0 0 0 0 0 0 0 0 0 0 0 0 0 0 0 0 0 0 0.00181285 0 0 0 0 0 0 0 0 0 0 0 0 0 0 0 0 0 0 0 0 0.0021405 0 0 0 0 0 0 0.00442448 0 0 0 0 0 
0 0 0 0.00120218 0 0 0 0.000688009 0 0 0 0 0 0.00117266 0 0 0 0 0.00234532 0 0 0 0 0 0 0 0 0 0 0 0 0 0 0 0 0 0 0 0.00572416 0 0 0 0 0 0 0 0.00429303 0 0 0 0 0 
0 0 0 0 0 0 0 0 0 0 0 0.000978794 0 0 0 0 0 0 0 0 0 0 0 0.00171027 0 0 0 0 0 0 0 0.00159124 0 0 0 0 0 0 0.00325738 0 0 0 0 0 0 0 0 0 0 0 0 0 
0 0 0.000617864 0 0 0 0 0 0 0 0 0 0 0 0 0 0 0 0 0 0 0 0 0 0 0 0 0 0 0 0 0 0 0 0 0 0 0 0 0 0 0 0 0 0 0 0 0 0 0 0 0 
0 0 0 0 0 0 0 0 0 0 0 0 0 0 0 0 0 0 0 0 0 0 0 0 0 0 0 0 0 0 0 0 0 0 0 0 0 0 0 0 0 0 0 0 0 0 0 0 0 0 0 0 
0 0 0.00124446 0 0 0 0.00155738 0.00144571 0.000908494 0 0.00103477 0.000722855 0.00112396 0.00123205 0 0 0 0 0 0 0 0 0 0 0 0 0 0 0 0 0.00112396 0.00117516 0 0 0 0 0 0 0 0 0 0 0 0 0 0 0 0 0 0 0 0 
0.00203764 0 0.00104505 0 0 0 0 0 0.00114438 0.00103365 0.00391033 0 0 0 0 0 0 0 0 0 0 0 0 0 0 0 0.00212369 0 0.00155195 0 0 0 0 0 0 0 0 0 0 0 0 0 0 0 0 0 0 0 0 0 0 0 
0 0 0.00108698 0 0 0 0.00102023 0 0.000595148 0.00107512 0 0.000947074 0.000736298 0 0 0 0.000664729 0 0.000807109 0.000769837 0 0 0 0 0 0 0 0 0 0 0.000736298 0 0 0 0 0 0 0 0 0 0 0 0 0 0 0 0 0 0 0.000984924 0 0 
0 0 0.00150763 0.000918101 0 0 0.00113204 0.000525431 0 0.00119294 0.00150432 0.000525431 0 0 0 0 0 0 0 0.000854202 0 0 0 0 0 0 0 0 0 0 0 0 0 0 0 0 0 0 0 0 0 0 0 0 0 0 0 0 0 0 0.00282629 0 
0 0 0.000493253 0 0 0 0 0 0 0.00097574 0.00123042 0.00343812 0 0 0 0 0 0 0 0 0 0 0 0.00150188 0 0 0 0 0 0 0 0 0 0 0 0.000808812 0 0 0 0 0 0.0015831 0 0 0 0 0 0 0 0.00178776 0 0 
0 0 0 0 0 0 0 0 0.000624039 0 0 0.0019861 0 0 0 0 0 0 0 0 0 0 0 0 0 0.000807207 0 0 0 0 0 0 0 0 0 0.000467226 0 0 0 0 0 0 0.000890267 0 0 0 0 0 0 0.00413094 0.000890267 0 
0 0 0.000663244 0 0 0 0 0 0.00145256 0.00393604 0 0 0 0 0.00123016 0 0 0 0 0 0 0 0 0 0 0.00187892 0 0 0.00196989 0 0 0 0 0 0 0 0 0 0 0 0.00232593 0 0.00207226 0 0 0 0 0 0 0 0 0 
0 0 0 0 0 0 0 0 0 0 0 0 0 0 0 0 0 0 0 0 0 0 0 0 0 0 0 0 0 0 0 0 0 0 0 0.00228258 0 0 0 0 0 0 0 0 0 0 0 0 0 0.00252265 0 0 
0 0 0.000867445 0 0 0 0 0 0 0.000857978 0 0.000755793 0 0 0 0 0 0 0 0 0 0 0 0 0 0 0 0 0 0 0 0 0 0 0 0 0 0 0.00125762 0 0 0 0 0 0 0 0.001572 0 0 0 0 0 
0 0 0 0 0 0 0 0 0 0 0 0.00132264 0 0 0 0 0 0 0 0.00430047 0 0 0 0 0 0 0 0 0 0 0 0 0 0 0 0.00124459 0 0 0 0 0 0 0.00237149 0.00266179 0 0 0 0 0 0 0 0 
0 0 0 0 0 0 0 0 0.00143633 0 0.00327196 0.00114284 0 0 0 0 0 0 0 0 0 0 0 0 0 0 0 0 0 0 0 0 0 0 0 0 0 0 0 0 0 0 0 0 0 0 0 0 0 0 0 0 
0 0 0 0 0 0 0 0 0 0 0 0 0 0 0 0 0 0 0 0 0 0 0 0 0 0 0 0 0 0 0 0 0 0 0 0 0 0 0 0 0 0 0 0 0 0 0 0 0 0 0 0 
0 0 0 0 0 0 0 0 0 0 0 0 0 0 0 0 0 0 0 0 0 0 0 0 0 0 0 0 0 0 0 0 0 0 0 0 0 0 0 0 0 0 0 0 0 0 0 0 0 0 0 0 
0 0 0 0 0 0 0 0 0.00316111 0 0 0 0 0 0 0 0 0 0 0 0 0 0 0 0 0 0 0 0 0 0 0 0 0 0 0 0 0 0 0 0 0 0 0 0 0 0 0 0 0 0 0 
0 0 0 0 0 0 0 0 0 0 0 0 0 0 0 0 0 0 0 0 0 0 0 0 0 0 0 0 0 0 0 0 0 0 0 0 0 0 0.00481693 0 0 0 0 0 0 0 0 0 0 0 0 0 
0 0 0 0 0 0 0 0 0 0 0 0 0 0 0 0 0 0 0 0 0 0 0 0 0 0 0 0 0 0 0 0 0 0 0 0 0 0 0 0 0 0 0 0 0 0 0 0 0 0 0 0 
0 0 0 0 0 0 0 0 0.00535633 0 0 0 0 0 0 0 0 0 0 0 0 0 0 0 0 0 0 0 0 0 0 0 0 0 0 0 0 0 0 0 0 0 0 0 0 0 0 0 0 0 0 0 
0 0 0 0 0 0 0 0 0 0 0 0 0 0 0.0044136 0 0 0 0 0 0 0 0 0 0 0 0 0 0 0 0 0 0 0 0 0 0 0 0 0 0 0 0 0 0 0 0 0 0 0 0 0.00808973 
0 0 0.000293975 0 0 0 0 0 0 0 0 0.00102455 0.00238959 0 0.00163576 0 0 0 0 0 0.00125068 0 0 0 0 0 0 0 0 0 0.00238959 0 0.00139766 0 0.00213099 0 0 0 0 0 0 0 0 0 0 0 0 0 0 0 0 0 
0.0130797 0 0 0 0 0 0 0 0 0 0 0 0 0 0 0 0 0 0 0 0 0 0 0 0 0 0 0 0 0 0 0 0 0 0 0 0 0 0 0 0 0 0 0 0 0 0 0 0 0 0 0 
0 0 0 0 0 0 0 0 0.00272548 0.00123088 0.00155216 0 0 0 0.00115409 0.00278709 0 0 0 0 0 0 0 0 0 0 0 0 0 0 0 0 0 0 0 0 0 0 0 0 0 0 0 0 0 0 0 0 0 0 0 0 
0.00165466 0 0 0 0 0 0 0 0 0 0 0.00221821 0 0 0 0 0 0 0 0 0 0 0 0.00129198 0 0 0 0 0 0 0 0 0 0 0 0.00347887 0 0 0 0 0 0.00680924 0 0 0 0 0 0 0 0 0 0 
0 0 0 0 0.00165194 0 0 0 0.000850399 0 0 0.000676631 0 0 0 0 0 0 0 0 0 0 0 0.0011823 0 0.00220002 0 0 0 0 0 0.00110001 0.00184609 0 0 0.00254682 0 0 0 0 0 0.00124623 0 0 0 0 0 0.00173924 0 0 0 0 
0 0 0.000869586 0.00264776 0.00369953 0 0 0 0 0 0 0.00303064 0 0 0 0 0 0 0 0 0 0 0 0 0 0 0 0 0 0 0 0 0.00413433 0 0 0.00142591 0 0 0 0 0 0 0 0 0 0 0 0 0 0 0 0 
0 0 0 0 0 0 0 0 0.0015838 0 0 0.0044106 0 0 0 0 0 0 0 0 0 0 0 0.00220193 0 0 0 0 0 0 0 0 0 0 0 0 0 0 0 0 0 0 0 0 0 0 0 0 0 0 0.00112974 0 
0 0 0.000686516 0 0 0 0 0 0 0 0 0.00239261 0 0 0 0 0 0 0 0 0 0 0 0 0 0 0 0 0 0 0 0 0 0 0 0.00112572 0 0 0 0 0 0 0 0 0 0 0 0 0 0 0 0 
0 0 0.00113024 0 0 0 0.000848665 0.000393905 0 0.00223581 0 0.000393905 0.000612479 0 0 0 0 0 0 0 0 0 0 0 0 0 0 0 0 0 0.000612479 0 0 0 0 0.000741325 0 0 0 0.000792727 0 0 0 0 0 0 0 0 0 0 0 0 
0 0 0.00124227 0 0 0 0 0 0 0 0.00154942 0 0 0 0 0 0 0 0 0 0 0 0 0 0 0 0 0 0 0 0 0 0 0 0 0.0010185 0 0 0 0 0 0 0 0 0 0 0 0 0 0 0 0 
0 0 0.00091239 0 0 0 0 0 0 0 0 0 0 0 0 0 0 0 0 0 0 0 0 0 0 0 0.0037082 0.00817353 0 0 0 0 0 0 0 0 0 0 0 0 0 0 0 0 0 0 0 0 0 0 0 0 
0 0 0 0 0 0 0 0 0 0 0 0 0 0 0 0 0 0 0 0 0 0 0 0 0 0 0 0 0 0 0 0 0 0 0 0 0 0 0 0 0 0 0 0 0 0 0 0 0 0 0 0 
0 0 0 0 0 0 0 0 0 0 0 0 0 0 0 0 0 0 0 0 0 0 0 0 0 0 0 0 0 0 0 0 0 0 0 0 0 0 0 0 0 0 0 0 0 0 0 0 0 0 0 0 
0 0 0.000365714 0 0 0 0 0 0 0 0 0.000637283 0.00198181 0 0 0 0.000894588 0 0 0 0 0 0 0 0 0 0 0 0.0010862 0 0.00198181 0.00103604 0 0 0 0 0 0 0 0 0 0 0 0 0 0 0 0 0 0.00132551 0.00114265 0 
0 0 0.000799204 0 0 0 0.00100017 0 0 0.00105398 0.00132908 0.000928448 0 0 0 0 0 0 0.000791235 0.000754696 0 0 0 0.0016223 0 0.000754696 0 0 0.000791235 0 0 0 0 0 0 0.0013105 0 0 0 0 0 0.000855018 0 0 0 0 0 0.00119326 0 0.000965554 0 0 
0 0 0.00169319 0 0 0 0 0 0 0.00133977 0 0 0 0 0 0 0 0 0 0 0 0 0 0 0 0 0 0 0.00100578 0 0 0 0 0 0 0 0 0 0 0 0 0 0 0 0 0 0 0 0 0 0.00105805 0 
0 0 0.000489823 0.00149144 0 0 0 0.000853552 0 0.000968954 0 0.000853552 0 0 0 0 0.00119818 0 0 0 0 0 0 0 0 0 0 0 0 0 0 0 0 0 0 0 0 0 0 0.00171776 0 0 0 0 0 0 0 0 0 0 0 0 
0 0 0 0 0 0 0 0 0 0 0 0 0 0 0 0 0 0 0 0 0 0 0 0 0 0 0 0 0 0 0 0 0 0 0 0 0 0 0 0.00514612 0 0 0 0 0 0 0 0 0 0 0 0 
0 0 0.00140126 0 0 0 0 0.000813931 0 0 0.00116515 0 0 0 0 0 0 0 0 0.00132322 0 0 0 0.0014222 0.00222069 0 0 0 0 0 0 0 0 0 0 0 0 0 0 0 0 0 0 0 0 0 0 0 0 0 0.00145938 0 
0 0 0 0 0 0 0 0 0 0 0 0.00177885 0.00276592 0 0 0 0 0 0 0 0 0 0 0 0 0 0 0 0 0 0.00276592 0 0 0 0 0 0 0 0 0 0 0 0 0 0 0 0 0 0 0 0 0 
0 0 0.00100624 0 0 0 0 0.00175344 0 0 0 0.00350688 0 0 0 0 0 0 0 0 0 0 0 0 0 0 0 0 0 0 0 0 0 0 0 0 0 0 0 0 0 0 0 0 0 0 0 0 0 0 0 0 
0 0 0.000368778 0.00112287 0 0 0 0.000642622 0 0.000729506 0 0 0 0 0 0 0 0.00138452 0.0010953 0.00104472 0 0.00138452 0 0.00112287 0 0.00104472 0 0 0.0010953 0 0 0 0 0 0 0 0 0 0 0 0.00129327 0 0 0 0 0 0 0 0 0 0 0 
0 0 0.000978285 0 0 0 0 0 0 0.00193522 0 0 0 0 0 0 0 0 0 0 0 0 0 0 0 0 0 0 0 0 0 0 0 0 0 0.00320829 0 0 0 0 0 0 0 0 0 0 0 0 0 0 0 0 
0 0 0.00106079 0 0 0 0 0.00184851 0 0 0 0 0 0 0 0 0 0 0 0 0 0 0 0 0 0 0 0 0 0 0 0 0 0 0 0 0 0 0 0 0 0 0 0 0 0 0 0 0 0 0 0 
0 0 0.000351129 0 0 0 0 0 0.000769005 0.000694594 0 0 0.000951388 0 0 0 0 0 0 0.000994724 0 0 0 0 0 0 0 0 0.00104288 0 0.000951388 0.0039789 0 0 0 0.000575765 0 0 0 0 0 0 0 0 0 0 0 0 0 0 0.00109708 0 
0 0 0.00121862 0 0 0 0 0 0 0 0.00151993 0 0 0.00180971 0 0 0 0 0 0 0 0 0 0 0 0 0 0 0.00180971 0 0 0.00690456 0 0 0 0 0 0 0.00176676 0 0 0.00391119 0 0 0 0 0.00220841 0 0 0 0 0 
0 0 0 0 0 0 0 0 0 0 0 0 0 0 0 0 0 0 0 0 0 0 0 0 0 0 0 0 0 0 0 0.00352547 0 0 0 0 0 0 0 0 0 0 0 0 0 0 0 0 0 0 0 0 
0 0 0 0 0 0 0 0 0 0 0 0 0 0 0 0 0 0 0 0.00332569 0 0 0 0.00357447 0 0 0 0 0 0 0 0 0 0 0 0 0 0 0 0 0.0041169 0 0 0 0 0 0 0 0 0 0 0 
0 0 0 0 0.00632199 0 0 0 0 0 0 0 0 0 0 0 0 0 0 0 0 0 0 0 0 0 0 0 0 0 0 0 0 0 0 0 0 0 0 0 0 0 0 0 0 0 0 0 0 0 0 0 
0 0 0 0 0 0 0 0.00177371 0 0 0 0 0 0 0 0 0.00248985 0 0 0 0 0 0 0 0 0 0 0 0 0 0 0 0 0 0 0 0 0 0 0 0 0 0 0 0 0 0 0 0 0 0 0 
0 0 0.0020194 0 0 0 0 0 0 0 0.00100748 0 0 0 0 0 0 0 0 0 0 0 0 0 0 0 0 0 0.00119956 0 0 0 0 0 0 0 0 0 0 0 0 0 0 0 0 0 0 0 0 0 0 0 
0 0 0.000643256 0 0 0 0.00120751 0.00112092 0.000704394 0 0.00160461 0 0.000871454 0 0.000596541 0 0 0 0 0 0 0 0 0 0 0 0 0 0 0 0.000871454 0 0 0 0 0.00158217 0 0 0 0.00112792 0 0 0 0 0 0 0 0 0 0 0 0 
0 0 0 0 0 0 0 0 0 0 0 0 0 0 0 0 0 0 0 0 0 0 0 0 0 0 0 0 0 0 0 0 0 0 0 0 0 0 0 0 0 0 0 0 0 0 0 0 0 0 0 0 
0 0 0 0 0 0 0 0 0 0.00234178 0 0.00206287 0 0 0 0 0 0 0 0 0 0 0 0 0 0 0 0 0 0 0 0 0 0 0 0 0 0 0 0 0 0 0 0 0 0 0 0 0 0 0 0 
0 0 0.00164571 0 0 0 0 0 0 0 0 0 0 0 0 0 0 0 0 0 0 0 0 0 0 0 0 0 0 0 0 0 0 0 0 0 0 0 0 0.00288568 0 0 0 0 0 0 0 0 0 0 0 0 
0 0 0.00102379 0 0 0 0 0.00178402 0.00112109 0 0 0 0 0 0 0 0.00250433 0.00192183 0 0 0 0.00192183 0 0 0 0 0 0 0 0 0 0 0 0 0 0.000839378 0 0 0 0 0 0 0 0 0 0 0 0 0 0 0 0 
0 0 0 0 0 0 0 0.00157765 0 0 0 0 0 0 0 0 0.00221462 0 0 0 0 0 0 0 0 0 0 0 0 0 0 0 0 0 0 0 0 0 0 0 0 0 0 0 0 0 0 0 0 0 0 0 
0 0 0.00183428 0 0 0 0 0 0 0 0 0 0 0 0 0 0 0 0 0 0 0 0 0 0 0 0 0 0 0 0 0 0 0 0 0 0 0 0 0 0 0 0 0 0 0 0 0 0 0 0 0 
0 0 0.000552877 0 0 0 0 0 0 0 0 0 0 0.00164209 0 0 0 0 0 0 0 0 0 0 0 0 0 0 0 0 0 0 0 0 0 0 0 0 0 0 0 0 0 0 0 0 0 0 0 0 0 0 
0 0 0.000291783 0 0 0 0 0 0 0 0 0 0 0 0 0 0 0 0.000866622 0.000826602 0 0 0 0 0 0 0.00118589 0 0.000866622 0 0 0 0 0 0 0 0 0 0 0 0 0 0 0 0 0 0 0 0 0 0 0 
0 0 0.0012608 0 0 0 0 0 0.00092042 0.000831358 0 0.000732344 0.00113871 0 0.00077949 0 0 0 0 0 0 0 0 0 0 0 0.00170807 0 0 0 0.00113871 0 0 0 0 0 0 0 0 0 0 0 0.00131309 0 0 0 0 0 0 0 0 0 
0 0 0.000901876 0 0 0 0 0 0.000987595 0 0.00112487 0 0 0 0 0 0 0 0.00133933 0 0 0 0 0 0 0 0.00183273 0 0 0 0 0 0 0 0 0 0 0 0 0.00316279 0 0 0 0 0 0 0 0 0 0 0 0 
0 0 0.00187331 0 0 0 0 0.000816096 0 0 0.00467299 0 0 0 0.00173727 0 0 0 0 0 0 0 0 0 0 0 0 0 0 0 0 0 0 0 0 0.00153588 0 0 0 0 0 0 0 0 0 0 0 0 0 0 0 0 
0 0 0.000877167 0 0.00186589 0 0 0.00152853 0 0 0.00109405 0 0 0 0.000813465 0 0.00107284 0 0.00130263 0 0 0 0 0 0 0.00124248 0 0 0 0 0 0 0 0 0 0 0 0 0 0.00153807 0 0 0.00137032 0 0 0 0 0 0 0 0 0 
0 0 0 0.000839078 0 0 0 0.000960413 0 0 0.000687419 0 0 0 0 0 0 0.0010346 0 0 0 0.0010346 0 0 0 0 0 0.00246869 0 0 0 0 0 0 0 0 0 0 0 0 0 0.00176891 0 0 0.00246869 0 0 0 0 0 0.00086101 0 
0 0 0 0 0 0 0 0.00195759 0 0 0 0 0 0 0 0 0 0 0 0 0 0 0 0 0 0 0 0 0 0 0 0.00159124 0 0 0 0.00092104 0 0 0 0 0 0 0 0 0 0 0 0.00251594 0 0 0 0 
0 0 0 0 0 0 0 0.000899859 0 0 0 0 0 0 0 0 0 0 0 0 0 0 0 0 0 0.00292583 0 0 0 0 0 0.00146292 0 0 0 0 0 0 0 0 0 0 0 0 0 0 0 0 0 0 0 0 
0 0 0 0 0 0 0 0 0 0 0 0 0 0 0 0 0 0 0 0 0 0 0 0 0 0 0 0.00239377 0 0 0 0.00151397 0 0 0 0 0 0 0 0 0 0 0 0 0 0 0 0 0 0 0 0 
0 0 0 0 0 0 0 0 0.00150061 0 0 0 0 0 0 0 0 0 0 0 0 0 0 0 0 0 0 0 0 0 0 0.00388213 0 0 0 0 0 0 0 0 0 0 0 0 0 0 0 0 0 0 0 0 
0 0 0.00114345 0 0 0 0 0 0 0 0 0 0 0 0 0 0 0 0 0 0 0 0 0 0 0 0 0 0 0 0 0 0 0 0 0 0 0 0 0 0 0 0.00357263 0 0 0 0 0 0 0 0 0 
0 0 0 0 0 0 0 0 0 0.000734893 0 0 0.00201317 0 0.000689043 0 0 0 0 0.00105243 0 0 0 0 0 0.00105243 0 0 0 0 0.00201317 0 0 0 0.00134648 0 0 0 0 0 0 0 0 0 0 0 0 0 0 0 0 0.00126295 
0 0 0.00108031 0 0 0 0 0 0 0.00213705 0 0 0 0.00160431 0.00100186 0 0 0 0 0 0 0 0 0 0 0 0 0 0 0 0 0 0 0 0 0 0 0 0 0 0 0 0 0 0 0 0 0 0.0030298 0 0 0 
0 0 0 0 0 0 0 0 0 0 0 0 0 0 0 0 0 0 0 0 0 0 0 0 0 0 0 0 0 0 0 0 0 0 0.0108175 0 0 0 0 0 0 0 0.00621678 0 0 0 0 0 0 0 0 0 
0 0 0 0 0 0 0 0 0 0 0 0 0.00212526 0 0 0 0 0 0 0.00222207 0 0 0 0 0 0 0 0 0 0 0.00212526 0 0 0 0 0 0 0 0 0 0 0 0 0 0 0 0 0 0 0 0 0 
0 0 0.00036994 0 0 0 0 0 0 0.00146361 0 0 0 0.00109875 0 0 0 0.00138889 0 0.00104801 0 0.00138889 0 0 0 0 0 0 0 0 0 0 0 0 0 0 0 0 0 0 0 0 0 0 0 0 0 0 0.00207503 0 0 0.00125765 
0.00382555 0 0.000490505 0.00298702 0 0 0 0 0 0 0 0 0 0 0.000909767 0 0 0 0 0 0 0 0 0 0 0 0 0 0 0 0 0 0 0 0 0 0 0 0 0 0 0 0.00153255 0 0 0 0 0 0 0 0.00153255 0 
0 0 0 0 0 0 0 0 0 0.00203113 0 0 0 0 0 0 0 0 0 0 0 0 0 0 0 0 0 0 0.0030496 0 0 0 0 0 0 0 0 0 0 0 0 0 0 0 0 0 0 0 0 0 0 0 
0 0 0 0 0 0 0 0 0 0 0 0.00288124 0 0 0 0 0 0 0 0.00234204 0 0 0 0 0 0 0 0 0 0.00370303 0 0 0 0 0 0 0 0.00534381 0 0.00289922 0 0 0 0 0 0 0 0 0 0 0 0 
0 0 0.00040574 0 0 0 0 0.00141406 0.000888608 0 0 0 0.00109936 0 0 0 0 0 0 0 0 0 0 0 0 0 0 0 0.00241017 0 0.00109936 0 0 0 0 0 0 0 0 0 0 0 0 0 0 0 0 0 0 0 0 0 
0.00349458 0 0 0 0 0 0 0 0 0 0 0 0 0 0 0 0 0 0 0.0025387 0 0 0 0 0 0 0 0 0 0 0 0 0 0 0 0 0 0 0 0 0 0 0 0 0 0 0 0 0 0 0 0 
0 0 0 0 0 0 0 0 0 0 0 0 0 0 0 0 0 0 0 0.0025387 0 0 0 0 0 0 0 0 0 0 0 0 0 0 0 0 0 0 0 0 0 0 0 0 0 0 0 0 0 0 0 0 
0 0 0 0 0 0 0 0 0 0 0 0 0 0 0 0 0 0 0 0 0 0 0 0 0 0 0 0 0 0 0 0 0 0 0 0.00146944 0 0 0 0 0 0 0 0 0 0 0 0 0 0 0 0 
0 0 0 0.00226232 0 0 0 0 0 0 0 0 0 0 0 0 0 0 0 0 0 0 0 0 0 0.00210487 0 0 0 0 0 0.00210487 0 0 0 0 0 0 0 0 0 0 0 0 0 0 0 0 0 0 0 0 
0 0 0 0 0 0 0 0 0 0 0 0 0 0 0 0 0 0.00303958 0 0 0 0.00303958 0 0 0 0 0 0 0 0 0 0.00229358 0 0 0 0 0 0 0 0 0 0 0 0 0 0 0 0 0 0 0 0 
0 0 0 0.00104415 0 0 0 0 0 0 0 0 0 0 0 0 0 0.00128746 0 0 0 0.00128746 0 0.00104415 0 0 0 0 0 0 0 0 0 0 0 0 0 0 0 0 0 0 0 0 0 0 0 0 0 0 0 0 
0 0 0 0 0 0 0 0 0 0 0 0 0 0 0.00240152 0 0 0 0 0 0 0 0 0 0 0 0 0 0 0 0 0 0 0 0 0 0 0 0 0 0 0 0 0 0 0 0 0 0 0 0 0 
0 0 0.000457975 0 0 0 0 0 0 0.000905953 0 0 0 0 0 0 0 0 0 0 0 0 0 0 0 0 0 0 0 0 0 0 0 0 0 0 0 0 0 0 0 0 0 0 0 0 0 0 0 0 0 0 
0 0 0 0 0 0 0 0 0 0 0 0 0.00255829 0 0 0 0 0 0 0 0 0 0 0 0 0 0 0 0 0 0.00255829 0 0 0 0 0 0 0 0 0 0 0 0 0 0 0 0 0 0 0 0 0 
0 0 0 0.00292191 0 0 0 0 0 0 0 0 0 0 0 0 0 0 0 0 0 0 0 0 0 0 0 0.00859669 0 0 0 0 0 0 0 0 0 0 0 0 0 0 0 0 0 0 0 0 0 0 0.00299828 0 
0 0 0 0.00110323 0 0 0 0.000631383 0 0 0 0 0 0 0 0 0 0.00136031 0 0 0 0.00136031 0 0 0 0 0 0 0.00215229 0 0 0.00102645 0 0 0 0 0 0 0 0 0 0 0 0 0.00162293 0 0.00131323 0 0 0 0 0 
0 0 0 0 0 0 0 0 0 0 0 0 0 0 0 0 0 0 0 0 0 0 0 0 0 0.00171723 0 0 0 0 0 0 0 0 0 0 0 0 0 0 0 0 0 0 0 0 0.0010985 0 0 0 0 0 
0 0 0 0 0 0 0 0 0 0 0 0.00127855 0 0 0 0 0 0 0 0 0 0 0 0 0 0 0 0 0 0 0 0 0 0 0 0 0 0 0 0 0 0 0 0 0 0 0 0 0 0 0 0 
0 0 0 0 0 0 0 0 0 0 0 0 0 0 0 0 0 0 0 0 0 0 0 0 0 0 0 0 0 0 0 0 0 0 0 0 0 0 0 0 0 0 0 0 0 0 0.00395189 0 0 0 0 0 
0 0 0.00172357 0 0 0 0 0.00100115 0 0 0 0 0.00155668 0 0 0 0.00140536 0 0 0 0 0 0 0 0 0 0 0 0 0 0.00155668 0 0 0 0 0 0 0 0 0 0 0 0 0 0 0 0 0 0 0 0 0 
0 0 0 0 0 0 0 0 0 0 0 0.00118935 0 0 0 0 0 0 0 0 0 0 0 0 0 0 0 0 0 0 0 0 0 0 0 0.00111917 0 0 0 0 0 0 0 0 0 0 0 0 0 0 0 0 
0 0 0 0 0 0 0 0.00216857 0 0 0 0 0 0 0 0 0 0 0 0 0 0 0 0 0 0 0 0 0 0 0 0 0 0 0 0 0 0 0 0 0 0 0 0 0 0 0 0 0 0 0 0 
0 0 0.00258958 0 0 0 0 0.00225626 0 0 0 0 0 0 0.00240152 0 0 0 0 0 0 0 0 0 0 0 0 0 0 0 0 0 0 0 0 0.00212313 0 0 0 0 0 0 0 0 0 0 0 0 0 0 0 0 
0 0 0.00159841 0 0 0 0 0 0 0 0 0.000928448 0 0 0.00296466 0 0.00260662 0 0.00158247 0 0 0 0 0 0 0 0 0 0 0 0 0 0 0 0 0.00174733 0 0 0 0 0 0 0 0 0 0 0 0 0 0 0 0 
0 0 0.000657057 0 0 0 0 0.00228994 0 0 0.00163903 0 0 0 0 0 0.00160725 0 0 0 0 0 0 0 0 0 0 0 0 0 0 0 0 0 0 0.00107741 0 0 0 0 0 0 0 0 0 0 0 0 0 0 0 0 
0 0 0.000330688 0 0 0 0 0 0 0 0 0 0 0 0 0 0 0 0 0 0 0 0 0 0 0 0 0 0 0 0 0 0 0 0 0.000542246 0 0 0 0 0 0 0 0 0 0 0 0 0 0.00119856 0 0 
0 0 0.000506737 0 0 0 0 0.00176605 0 0 0 0 0 0 0.000939874 0 0 0 0 0 0 0 0 0 0 0 0 0 0 0 0 0 0 0 0 0.00249277 0 0 0 0 0 0.00162638 0 0 0 0 0 0 0 0 0 0 
0 0 0.00104816 0 0 0 0 0.00273975 0.000573893 0.000518362 0.000653662 0 0.000710002 0 0 0 0.000640988 0 0 0 0 0 0 0 0 0 0 0 0 0 0.000710002 0 0 0 0 0 0 0 0 0 0 0 0 0 0 0 0 0 0 0 0 0 
0 0 0.00121547 0 0 0 0 0.000529512 0 0.00120221 0 0 0 0 0.002818 0 0.00148661 0 0 0 0 0 0 0 0 0 0 0 0 0 0 0 0 0 0 0.000996535 0 0 0 0 0 0 0 0 0 0 0 0 0 0 0 0 
0 0 0.000670824 0 0 0 0 0.00116896 0 0 0 0 0 0 0 0 0 0 0 0 0 0 0 0 0 0 0 0 0 0 0 0 0 0 0 0.00109998 0 0 0 0 0 0 0 0 0 0 0 0 0 0 0 0 
0 0 0 0 0 0 0 0.00176352 0 0 0 0 0 0 0 0 0 0 0 0 0 0 0 0 0 0 0 0 0 0 0 0 0 0 0 0 0 0 0 0 0 0 0 0 0 0 0 0 0 0 0 0 
0 0 0.00124008 0 0 0 0 0.00216093 0 0 0 0 0 0 0 0 0 0 0 0 0 0 0 0 0 0 0 0 0 0 0 0 0 0 0 0.00203342 0 0 0 0 0 0.00398005 0 0 0 0 0 0 0 0 0 0 
0 0 0.00172638 0 0 0 0 0 0 0 0 0 0 0 0 0 0 0 0.00512751 0 0 0 0 0 0 0 0 0 0 0 0 0 0 0 0 0 0 0 0 0 0 0 0 0 0 0 0 0 0 0 0 0 
0 0 0.000789647 0 0 0 0 0.00137602 0 0 0 0.000688009 0 0 0 0 0 0 0 0 0 0 0 0 0 0 0 0 0 0 0 0 0 0 0 0.00129482 0 0 0 0 0 0.00126719 0 0 0 0 0 0 0 0 0 0 
0 0 0 0 0 0 0 0 0 0 0 0 0 0 0 0 0 0 0 0 0 0 0 0 0 0 0 0 0 0 0 0 0 0 0 0 0 0 0 0 0 0 0 0 0 0 0 0 0 0 0 0 
0 0 0 0 0 0 0 0 0 0 0 0 0 0 0 0 0 0 0 0 0 0 0 0 0 0 0 0 0 0 0 0 0 0 0 0 0 0 0 0 0 0 0 0 0 0 0 0 0 0 0 0 
0 0 0 0 0 0 0 0 0 0 0 0 0 0 0 0 0 0 0 0 0 0 0 0 0 0 0 0 0 0 0 0 0 0 0 0 0 0 0 0 0 0 0 0 0 0 0 0 0 0 0 0 
0 0 0 0 0 0 0 0 0 0 0 0 0 0 0 0 0 0 0 0 0 0 0 0 0 0 0 0 0 0 0 0 0 0 0 0.00173421 0 0 0 0 0 0 0 0 0 0 0 0 0 0 0 0 
0 0 0 0 0 0 0 0.00106546 0 0 0 0 0 0 0 0 0 0 0 0 0 0 0 0 0 0 0 0 0 0 0 0 0 0 0 0.00200518 0 0 0 0 0 0 0 0 0 0 0 0 0 0 0 0 
0 0 0 0 0 0 0 0 0 0 0 0 0 0 0 0 0.00164406 0 0 0 0 0 0 0 0 0 0 0 0 0 0 0 0 0 0 0 0 0 0 0 0 0 0 0 0 0 0 0 0 0 0 0 
0 0 0 0 0 0 0 0 0 0 0 0 0 0 0.00167062 0 0 0 0 0 0 0 0 0 0 0 0 0 0 0 0 0 0 0 0 0.00147696 0 0 0 0 0 0 0 0 0 0 0 0 0 0 0 0 
0 0 0 0 0 0 0 0 0 0.000830367 0 0 0 0 0 0 0 0 0 0 0 0 0 0 0 0 0 0 0 0 0 0 0 0 0 0.00068831 0 0 0 0 0 0 0 0 0 0 0 0 0 0 0 0 
0 0 0 0 0 0 0 0 0 0 0.00268661 0 0 0 0 0 0 0 0 0 0 0 0 0 0 0 0 0 0 0 0 0 0 0 0 0 0 0 0 0 0 0 0 0 0 0 0 0 0 0 0 0 
0 0 0 0 0 0 0 0 0 0 0 0 0 0 0 0 0 0 0 0 0 0 0 0 0 0 0 0 0.00441356 0 0 0 0 0 0 0 0 0 0 0 0 0 0 0 0 0 0 0 0 0 0 0 
0 0 0 0.00149351 0 0 0 0 0 0 0 0 0 0 0 0 0 0 0 0 0 0 0 0 0 0 0 0 0 0 0 0 0 0 0 0 0 0 0 0 0 0 0 0 0 0 0 0 0 0 0 0 
0 0 0 0 0 0 0 0 0 0 0 0 0 0 0.002276 0 0.0030017 0 0 0 0 0 0 0 0 0 0 0 0.00364464 0 0 0 0 0 0 0.00100608 0 0 0 0 0 0 0 0 0 0 0 0 0 0 0 0 
0 0 0.00201247 0 0 0 0 0 0 0.00199051 0 0 0 0 0 0 0 0 0 0 0 0 0 0 0 0 0 0 0 0 0 0 0 0 0 0 0 0 0 0 0 0 0 0 0 0 0 0 0 0 0 0 
0 0 0.000891601 0 0 0 0 0 0 0 0 0 0 0 0 0.00399365 0 0 0 0 0 0 0 0 0 0 0 0 0 0 0 0 0 0 0 0.001462 0 0 0 0 0 0 0 0 0 0 0 0 0 0 0 0 
0 0 0 0 0 0 0 0 0 0.00127831 0 0 0 0 0 0 0 0 0 0 0 0 0 0 0 0 0 0 0 0 0 0 0 0 0 0 0 0 0 0 0 0 0 0 0 0 0 0 0 0 0.00201903 0.00219685 
0 0 0 0.0038853 0 0 0 0 0 0 0 0 0 0 0 0 0 0 0 0 0 0 0 0 0 0 0 0 0 0 0 0 0 0 0 0 0 0 0 0 0 0 0 0 0 0 0 0 0 0 0 0 
0 0 0.000408091 0.00124257 0 0 0 0 0 0 0 0.000711129 0 0 0.000756909 0 0 0 0 0 0 0 0 0 0 0 0 0 0 0 0 0 0 0 0 0 0 0 0 0 0 0 0 0 0 0 0 0 0 0 0 0.00138735 
0 0 0.000587951 0 0 0 0 0 0 0.000581534 0.00146665 0 0 0 0 0 0.000719106 0 0.000873133 0 0 0 0 0 0 0 0 0 0 0 0 0 0 0 0 0 0 0 0 0 0 0 0 0 0 0 0 0 0 0 0 0 
0 0 0 0 0 0 0 0 0 0 0 0 0 0 0 0 0 0 0 0 0 0 0 0 0 0 0 0 0 0 0 0 0 0 0 0 0 0 0 0 0 0 0 0 0 0 0 0 0 0 0 0 
0 0 0.000738328 0 0 0 0 0 0 0 0 0 0 0 0.00136942 0 0 0 0 0 0 0 0 0 0 0 0 0 0 0 0 0 0 0 0 0 0 0 0 0 0 0 0.00230686 0 0 0 0 0 0 0 0 0 
0 0 0.00121442 0 0 0 0 0 0 0 0 0 0 0 0 0 0 0 0 0 0 0 0 0 0 0 0 0 0 0 0 0 0 0 0 0 0 0 0 0 0 0 0 0 0 0 0 0 0 0 0 0 
0 0 0 0 0 0 0 0 0.00391529 0 0 0 0 0 0 0 0 0 0 0 0 0 0 0 0 0 0 0 0 0 0 0 0 0 0 0 0 0 0 0 0 0 0 0 0 0 0 0 0 0 0 0 
0 0 0 0 0 0 0 0 0 0 0 0 0 0 0 0 0 0 0 0 0 0 0 0 0 0 0 0 0 0 0 0 0 0 0 0.000706844 0 0 0 0 0 0 0 0 0 0 0 0 0 0 0 0 
0 0 0 0 0 0 0 0.00241141 0 0 0 0 0 0 0 0 0.00507754 0.00259768 0 0 0 0.00259768 0 0 0 0 0 0 0 0 0 0 0 0 0 0 0 0 0 0 0 0 0 0 0 0 0 0 0 0 0 0 
0 0 0.00038115 0 0 0 0 0.00132836 0 0 0 0 0 0 0 0 0 0 0.0022641 0 0 0 0 0 0 0 0 0 0 0 0 0 0 0 0 0 0 0 0 0 0 0 0 0 0 0 0 0 0 0 0 0 
0 0 0 0 0 0 0 0 0 0 0 0 0 0 0 0 0 0 0 0 0.00307661 0 0 0 0 0 0 0 0 0 0 0 0 0 0 0 0 0 0 0 0 0 0 0 0 0 0 0 0 0 0 0 
0 0 0 0 0 0 0 0 0.000515238 0 0 0 0 0 0.000872695 0.00105377 0.000575477 0 0 0 0 0 0 0 0 0 0 0 0 0 0 0 0 0 0 0.00192883 0 0 0 0 0 0 0 0 0 0 0 0 0 0 0 0 
0 0 0 0 0 0 0 0 0 0 0 0 0 0 0.000989716 0 0.00130529 0 0 0 0 0 0 0 0 0 0 0 0 0 0 0 0 0 0 0.000874988 0 0 0 0 0 0 0 0 0 0 0 0 0 0 0 0 
0 0 0 0 0 0 0 0.00377084 0 0 0 0 0 0 0.0020068 0 0.00132333 0 0 0 0 0 0 0 0 0 0 0 0 0 0 0 0 0 0 0.00177417 0 0 0 0 0 0 0 0 0 0 0 0 0 0 0 0 
0 0 0.000730669 0 0 0 0 0 0 0 0 0 0 0 0 0 0 0 0 0 0 0 0 0 0 0 0 0 0 0 0 0 0 0 0 0 0 0 0 0 0 0 0 0 0 0 0 0 0 0 0 0 
0 0 0 0 0 0 0 0 0 0 0 0.000964943 0 0 0 0 0 0 0 0 0 0 0 0 0 0 0 0 0 0 0 0 0 0 0 0.000908006 0 0 0 0 0 0 0 0 0 0 0 0 0 0 0 0 
0 0 0 0 0 0 0 0 0 0 0 0 0 0 0 0 0.00143821 0 0 0 0 0 0 0 0 0 0 0 0 0 0 0 0 0 0 0 0 0 0 0 0 0 0 0 0 0 0 0 0 0 0 0 
0 0 0.000874988 0 0 0 0 0 0 0 0.00218266 0 0 0 0 0 0.00214034 0 0.00129939 0 0 0 0 0 0 0 0 0 0 0 0 0 0 0 0 0 0 0 0 0 0 0.00140414 0 0 0 0 0 0 0 0 0 0 
0 0 0 0 0 0 0 0 0 0 0 0 0 0 0 0 0 0 0 0 0 0 0 0 0 0 0 0 0.000843559 0 0 0 0 0 0 0 0 0 0 0 0 0 0 0 0 0 0 0 0 0 0 0 
0 0 0.00171295 0 0 0 0 0.000596988 0 0 0 0 0 0 0 0 0 0 0 0 0 0 0 0 0 0 0 0 0 0 0 0.00194107 0 0 0 0.000561762 0 0 0 0 0 0 0 0 0 0 0 0 0 0 0 0 
0 0 0 0 0 0 0 0 0 0.00472553 0 0 0 0 0 0 0 0 0 0 0 0 0 0 0 0 0 0 0 0 0 0.000966772 0 0 0 0 0 0 0 0.00239354 0 0 0 0 0 0 0 0 0 0 0 0 
0 0 0 0 0 0 0 0 0 0 0 0.00310343 0 0 0 0 0 0 0 0 0 0 0 0 0 0 0 0 0 0 0 0 0 0 0 0 0 0 0 0 0 0 0.00139111 0 0 0 0 0 0 0 0 0 
0 0 0.000533206 0 0 0 0 0 0 0.00210955 0 0 0 0 0 0 0 0 0 0 0 0 0 0 0 0 0 0 0 0 0 0 0 0 0 0 0 0 0 0 0 0 0 0 0 0 0 0 0 0 0 0 
0 0 0.000357909 0 0 0 0 0.00187105 0 0 0 0 0 0 0.000663834 0 0.00262649 0 0 0 0 0 0 0 0 0 0 0 0 0 0 0 0 0 0 0.000586882 0 0 0 0 0 0 0 0 0 0 0 0 0 0 0 0 
0 0 0 0 0 0 0 0 0.00234917 0 0 0 0 0 0.00066316 0 0.00262382 0 0 0 0 0 0 0 0 0 0 0 0 0 0 0 0 0 0 0.000586286 0 0 0 0 0.00752326 0 0 0 0 0 0 0 0 0 0 0 
0 0 0 0 0 0 0 0 0 0 0 0 0 0 0 0 0 0 0 0 0 0 0 0 0 0 0 0 0 0 0 0 0 0 0 0 0 0 0 0 0 0 0 0 0 0 0 0 0 0 0 0 
0 0 0 0 0 0 0 0.00224594 0 0 0 0 0 0 0.000597633 0 0 0 0 0 0 0 0 0 0 0 0 0 0 0 0 0 0 0 0 0.000528355 0 0 0 0 0 0 0 0 0 0 0 0 0 0 0 0 
0 0 0.000187232 0 0 0 0 0 0 0.00111113 0 0.000652529 0 0 0.00277815 0 0 0 0 0 0 0 0 0 0 0.000530414 0 0 0 0 0 0 0 0 0 0.000307013 0 0 0.00108579 0 0.00196981 0 0 0 0 0 0 0 0 0 0 0.000636513 
0 0 0 0 0 0 0 0 0 0 0 0 0 0 0 0 0.00122024 0 0 0 0 0 0 0 0 0 0 0 0 0 0 0 0 0 0 0.000817977 0 0 0.00144644 0 0.00174939 0 0 0 0 0 0 0 0 0 0 0 
0 0 0 0 0 0 0 0 0 0.0012621 0 0 0 0 0.00355007 0 0 0 0 0 0 0 0 0 0 0 0 0 0 0 0 0 0 0 0 0.00104618 0 0 0 0 0 0 0 0 0 0 0 0 0 0 0 0 
0 0 0 0 0 0 0 0 0 0.00154474 0 0 0 0 0.00434509 0 0 0 0 0 0 0 0 0 0 0.00221221 0 0 0 0 0 0 0 0 0 0.00128047 0 0 0 0 0 0 0 0 0 0 0 0 0 0 0 0 
